-108.51248	40.410221
-108.50777	40.408989
-108.41069	40.383648
-108.3961	40.380825
-108.34505	40.370937
-108.28778	40.347645
-108.25646	40.334888
-108.18039	40.311535
-108.13393	40.297249
-108.08444	40.262539
-108.05987	40.245285
-108.00721	40.195683
-107.9465	40.11945
-107.93066	40.099533
-107.89641	40.03907
-107.88947	40.026817
-107.8774	39.951603
-107.87409	39.930912
-107.86327	39.863152
-107.86053	39.846008
-107.83177	39.779953
-107.80119	39.709518
-107.78876	39.698029
-107.76201	39.673271
-107.6909	39.656197
-107.67072	39.651344
-107.57961	39.629871
-107.57308	39.628334
-107.48401	39.579437
-107.44084	39.555683
-107.40308	39.516842
-107.37663	39.489609
-107.34827	39.438858
-107.32825	39.402946
-107.31658	39.35363
-107.29588	39.265854
-107.29466	39.260693
-107.32748	39.18063
-107.33741	39.156372
-107.37949	39.101467
-107.41215	39.058792
-107.43108	39.02195
-107.47361	38.939041
-107.47361	38.939041
-107.48367	38.89362
-107.50313	38.805725
-107.50546	38.795181
-107.51126	38.716831
-107.51509	38.665104
-107.51575	38.627754
-107.51731	38.538589
-107.5175	38.527695
-107.51884	38.449436
-107.519	38.439827
-107.51199	38.363895
-107.51283	38.360535
-107.534	38.275803
-107.5371	38.274315
-107.62782	38.230679
-107.6345	38.227699
-107.70854	38.194668
-107.73504	38.18565
-107.79821	38.16415
-107.83805	38.147434
-107.89066	38.125351
-107.93023	38.096249
-107.95514	38.077927
-107.99687	38.024857
-108.02306	37.945656
-108.02462	37.938488
-108.04115	37.862671
-108.04768	37.851643
-108.06714	37.818802
-108.0421	37.769745
-108.01515	37.716854
-108.03118	37.687332
-108.04704	37.658092
-108.06051	37.612209
-108.05899	37.602085
-108.04946	37.538326
-108.01926	37.531094
-108.01926	37.531094
-107.96316	37.517654
-107.94738	37.519108
-107.90708	37.522827
-107.84261	37.496662
-107.80138	37.4799
-107.73505	37.474712
-107.70702	37.472511
-107.6354	37.482159
-107.6238	37.485237
-107.5631	37.501373
-107.52264	37.523228
-107.50658	37.531906
-107.41909	37.515717
-107.41597	37.514034
-107.37083	37.489658
-107.31459	37.477406
-107.24541	37.462288
-107.20594	37.471767
-107.17282	37.479713
-107.1304	37.510456
-107.11481	37.4995
-107.06766	37.466366
-107.03972	37.433731
-107.00277	37.390511
-106.95723	37.381634
-106.91135	37.372669
-106.85923	37.341141
-106.82563	37.320786
-106.78898	37.273144
-106.78179	37.263786
-106.7406	37.195385
-106.73876	37.193321
-106.69814	37.147808
-106.66535	37.126675
-106.63881	37.109562
-106.57886	37.069607
-106.56837	37.062611
-106.52238	36.993221
-106.51617	36.983833
-106.46927	36.914536
-106.4496	36.885433
-106.41823	36.835014
-106.39948	36.804836
-106.37269	36.753445
-106.3444	36.69907
-106.33559	36.66943
-106.32404	36.630463
-106.32685	36.581211
-106.32788	36.563148
-106.33898	36.492435
-106.3403	36.483997
-106.3943	36.435097
-106.41138	36.427673
-106.4929	36.392216
-106.51151	36.390366
-106.57375	36.384182
-106.62086	36.374172
-106.69431	36.358528
-106.72601	36.345844
-106.7893	36.320499
-106.80376	36.290058
-106.81923	36.257454
-106.82513	36.203278
-106.82938	36.164131
-106.82749	36.114185
-106.82595	36.073513
-106.82168	36.025063
-106.81647	35.965858
-106.82022	35.936104
-106.82745	35.878857
-106.82288	35.847351
-106.81352	35.782726
-106.80859	35.758862
-106.79048	35.670811
-106.78449	35.641663
-106.78384	35.638451
-106.83086	35.570858
-106.83121	35.562405
-106.84511	35.569115
-106.83121	35.562405
-106.83379	35.500404
-106.83486	35.474873
-106.83336	35.411171
-106.83299	35.395317
-106.83647	35.321972
-106.8374	35.30249
-106.86253	35.235783
-106.86713	35.223557
-106.89798	35.154099
-106.89981	35.151936
-106.94434	35.099308
-106.96376	35.079468
-107.00366	35.038666
-107.02451	35.005695
-107.05786	34.952919
-107.06638	34.92387
-107.08132	34.872898
-107.09553	34.837963
-107.12489	34.765717
-107.12809	34.752888
-107.14191	34.69738
-107.15548	34.666767
-107.19263	34.582905
-107.19541	34.57663
-107.21448	34.495605
-107.22102	34.467754
-107.24534	34.410286
-107.26781	34.357117
-107.28583	34.327713
-107.32128	34.26981
-107.34089	34.251514
-107.41257	34.184563
-107.42062	34.177029
-107.50531	34.139412
-107.54028	34.123863
-107.604	34.102856
-107.65775	34.085114
-107.70456	34.069633
-107.7751	34.046272
-107.8072	34.043465
-107.89793	34.0355
-107.9145	34.032177
-108.01968	34.011047
-108.03978	34.007
-108.09451	34.010056
-108.12602	34.002846
-108.23029	33.978935
-108.24329	33.975945
-108.33411	33.953857
-108.38984	33.940277
-108.42947	33.915127
-108.50411	33.867702
-108.51613	33.862099
-108.61009	33.818184
-108.63162	33.808117
-108.70293	33.772762
-108.71865	33.764957
-108.80767	33.756538
-108.84097	33.753372
-108.91538	33.753357
-108.92423	33.753357
-108.98936	33.775707
-109.01537	33.78532
-109.09161	33.813473
-109.11269	33.823566
-109.20194	33.866241
-109.20629	33.867821
-109.30512	33.903732
-109.39455	33.936123
-109.40363	33.940212
-109.48403	33.976395
-109.49685	33.984852
-109.55299	34.021843
-109.57891	34.042515
-109.62368	34.078186
-109.66477	34.094795
-109.73977	34.125057
-109.76381	34.129807
-109.84018	34.144855
-109.86994	34.146755
-109.86994	34.146755
-109.92585	34.150295
-109.94444	34.15147
-110.03337	34.161556
-110.09718	34.168751
-110.14061	34.174679
-110.18881	34.181244
-110.2479	34.187546
-110.30781	34.193909
-110.35559	34.198189
-110.42851	34.204689
-110.46317	34.209381
-110.57022	34.223804
-110.57812	34.224869
-110.67455	34.247993
-110.69598	34.253128
-110.7765	34.278202
-110.82366	34.292858
-110.87183	34.319271
-110.92697	34.349453
-110.96229	34.368191
-111.01078	34.393887
-111.05745	34.410202
-111.11693	34.430958
-111.15918	34.440983
-111.22513	34.456596
-111.2644	34.463192
-111.34824	34.477234
-111.37109	34.480579
-111.47822	34.496208
-111.49911	34.499249
-111.57829	34.529667
-111.58119	34.530785
-111.62685	34.588745
-111.63242	34.604942
-111.65562	34.672451
-111.66454	34.689049
-111.70801	34.769905
-111.71485	34.782608
-111.77032	34.841885
-111.80288	34.876606
-111.85025	34.899647
-111.89164	34.91975
-111.95231	34.925377
-112.01005	34.930706
-112.06127	34.93327
-112.12954	34.936665
-112.16956	34.944031
-112.25836	34.960339
-112.27544	34.965748
-112.36974	34.995552
-112.37664	34.999031
-112.45287	35.037369
-112.46967	35.045429
-112.53132	35.074963
-112.56816	35.081676
-112.64412	35.095482
-112.67384	35.086468
-112.7431	35.065449
-112.77855	35.062668
-112.83857	35.057945
-112.88149	35.077393
-112.93644	35.102249
-112.96416	35.132153
-113.00716	35.178459
-113.02882	35.20306
-113.05089	35.228107
-113.08826	35.27681
-113.09941	35.291336
-113.15671	35.345257
-113.17315	35.360706
-113.21259	35.420399
-113.22218	35.434879
-113.30478	35.462444
-113.3205	35.467686
-113.39179	35.494537
-113.40496	35.498817
-113.50698	35.53194
-113.51579	35.534798
-113.584	35.574585
-113.58904	35.58675
-113.60445	35.623978
-113.63256	35.666981
-113.65478	35.700916
-113.70387	35.73127
-113.7239	35.743649
-113.80464	35.764984
-113.83418	35.77277
-113.91085	35.789207
-113.93282	35.793915
-113.99313	35.844437
-114.01375	35.861679
-114.01027	35.925457
-114.00897	35.949257
-113.99294	36.01178
-113.98416	36.045967
-113.97883	36.098541
-113.97794	36.107296
-113.97343	36.151791
-113.96665	36.194447
-113.95286	36.281406
-113.95161	36.289223
-113.9278	36.366776
-113.91304	36.414783
-113.90523	36.452564
-113.89654	36.494587
-113.87844	36.537399
-113.84323	36.62064
-113.83967	36.629066
-113.78433	36.694931
-113.76291	36.720425
-113.71479	36.763504
-113.67506	36.799057
-113.63824	36.827579
-113.55843	36.889324
-113.55563	36.891499
-113.46197	36.934101
-113.45602	36.93681
-113.37964	36.993706
-113.30238	37.051174
-113.30035	37.055424
-113.30035	37.055424
-113.27529	37.108242
-113.26622	37.127357
-113.25867	37.194592
-113.25522	37.225502
-113.25466	37.282337
-113.2542	37.331806
-113.23818	37.368137
-113.2015	37.451294
-113.19025	37.476776
-113.15733	37.532143
-113.14104	37.559513
-113.10127	37.608383
-113.06856	37.648552
-113.03374	37.678677
-112.96868	37.734905
-112.96054	37.745647
-112.90983	37.812557
-112.90318	37.821625
-112.86082	37.879368
-112.84666	37.89801
-112.78897	37.973911
-112.76826	38.001141
-112.74505	38.045483
-112.73895	38.052734
-112.68948	38.111553
-112.68042	38.128078
-112.63789	38.20565
-112.63649	38.209362
-112.61961	38.254105
-112.59937	38.292572
-112.56123	38.364979
-112.55753	38.374542
-112.5282	38.450302
-112.52474	38.458984
-112.49113	38.543247
-112.47472	38.584362
-112.45506	38.626911
-112.43955	38.660435
-112.41991	38.710831
-112.40367	38.752495
-112.37668	38.79211
-112.35019	38.830967
-112.30868	38.861954
-112.28577	38.879051
-112.23264	38.928158
-112.20777	38.951122
-112.15913	38.996197
-112.08556	39.064266
-112.06019	39.087711
-112.01218	39.132507
-111.9733	39.168766
-111.946	39.204624
-111.9277	39.22863
-111.89094	39.28231
-111.83723	39.360615
-111.82741	39.374928
-111.78818	39.440666
-111.77504	39.462666
-111.74043	39.521233
-111.7212	39.553757
-111.69411	39.602299
-111.66963	39.646149
-111.64697	39.683113
-111.61044	39.742661
-111.59671	39.762878
-111.58032	39.749607
-111.57367	39.744308
-111.53712	39.715187
-111.47437	39.722954
-111.46735	39.723827
-111.39695	39.769131
-111.38467	39.778313
-111.33327	39.816742
-111.30766	39.844395
-111.28004	39.874203
-111.24526	39.919151
-111.22698	39.942764
-111.1523	39.9659
-111.09582	39.961857
-111.05038	39.991871
-111.05038	39.991871
-111.0457	39.994968
-111.04036	40.040203
-111.0429	40.050282
-111.05283	40.089668
-111.07681	40.134544
-111.09121	40.161484
-111.12563	40.214935
-111.15118	40.254559
-111.14886	40.298946
-111.147	40.334705
-111.09658	40.371365
-111.09179	40.374855
-111.00354	40.369564
-110.98275	40.363014
-110.91936	40.343014
-110.87043	40.342854
-110.80247	40.342602
-110.75842	40.360023
-110.722	40.374424
-110.6478	40.388866
-110.55654	40.40657
-110.53831	40.417805
-110.50558	40.437988
-110.43371	40.455547
-110.40635	40.462231
-110.31922	40.476456
-110.27462	40.483715
-110.20721	40.503452
-110.13197	40.525429
-110.09521	40.530243
-110.04282	40.537083
-109.97797	40.536385
-109.91283	40.535664
-109.87397	40.508713
-109.8514	40.49305
-109.79665	40.473587
-109.77032	40.470451
-109.65755	40.456944
-109.65387	40.457283
-109.5595	40.465992
-109.5379	40.471588
-109.46436	40.490604
-109.42467	40.495502
-109.36681	40.502625
-109.30804	40.508873
-109.27935	40.511913
-109.19035	40.510361
-109.14942	40.509636
-109.09516	40.468464
-109.08292	40.459164
-109.11743	40.415695
-109.14325	40.399788
-109.18601	40.373425
-109.15331	40.333183
-109.1478	40.326397
-109.07623	40.305145
-109.04725	40.298752
-109.01231	40.291042
-108.93179	40.283176
-108.909	40.280952
-108.81544	40.291683
-108.78256	40.295444
-108.7009	40.311543
-108.64967	40.321617
-108.60915	40.359798
-108.60422	40.364449
-108.51248	40.410221
