425	-1175
425	-1170
425	-1165
425	-1160
425	-1155
425	-1150
425	-1145
425	-1140
425	-1135
425	-1130
425	-1125
425	-1120
425	-1115
425	-1110
425	-1105
425	-1100
425	-1095
425	-1090
425	-1085
425	-1080
425	-1075
425	-1070
425	-1065
425	-1060
425	-1055
425	-1050
425	-1045
425	-1040
420	-1175
420	-1170
420	-1165
420	-1160
420	-1155
420	-1150
420	-1145
420	-1140
420	-1135
420	-1130
420	-1125
420	-1120
420	-1115
420	-1110
420	-1105
420	-1100
420	-1095
420	-1090
420	-1085
420	-1080
420	-1075
420	-1070
420	-1065
420	-1060
420	-1055
420	-1050
420	-1045
420	-1040
415	-1175
415	-1170
415	-1165
415	-1160
415	-1155
415	-1150
415	-1145
415	-1140
415	-1135
415	-1130
415	-1125
415	-1120
415	-1115
415	-1110
415	-1105
415	-1100
415	-1095
415	-1090
415	-1085
415	-1080
415	-1075
415	-1070
415	-1065
415	-1060
415	-1055
415	-1050
415	-1045
415	-1040
410	-1175
410	-1170
410	-1165
410	-1160
410	-1155
410	-1150
410	-1145
410	-1140
410	-1135
410	-1130
410	-1125
410	-1120
410	-1115
410	-1110
410	-1105
410	-1100
410	-1095
410	-1090
410	-1085
410	-1080
410	-1075
410	-1070
410	-1065
410	-1060
410	-1055
410	-1050
410	-1045
410	-1040
405	-1175
405	-1170
405	-1165
405	-1160
405	-1155
405	-1150
405	-1145
405	-1140
405	-1135
405	-1130
405	-1125
405	-1120
405	-1115
405	-1110
405	-1105
405	-1100
405	-1095
405	-1090
405	-1085
405	-1080
405	-1075
405	-1070
405	-1065
405	-1060
405	-1055
405	-1050
405	-1045
405	-1040
400	-1175
400	-1170
400	-1165
400	-1160
400	-1155
400	-1150
400	-1145
400	-1140
400	-1135
400	-1130
400	-1125
400	-1120
400	-1115
400	-1110
400	-1105
400	-1100
400	-1095
400	-1090
400	-1085
400	-1080
400	-1075
400	-1070
400	-1065
400	-1060
400	-1055
400	-1050
400	-1045
400	-1040
395	-1175
395	-1170
395	-1165
395	-1160
395	-1155
395	-1150
395	-1145
395	-1140
395	-1135
395	-1130
395	-1125
395	-1120
395	-1115
395	-1110
395	-1105
395	-1100
395	-1095
395	-1090
395	-1085
395	-1080
395	-1075
395	-1070
395	-1065
395	-1060
395	-1055
395	-1050
395	-1045
395	-1040
390	-1175
390	-1170
390	-1165
390	-1160
390	-1155
390	-1150
390	-1145
390	-1140
390	-1135
390	-1130
390	-1125
390	-1120
390	-1115
390	-1110
390	-1105
390	-1100
390	-1095
390	-1090
390	-1085
390	-1080
390	-1075
390	-1070
390	-1065
390	-1060
390	-1055
390	-1050
390	-1045
390	-1040
385	-1175
385	-1170
385	-1165
385	-1160
385	-1155
385	-1150
385	-1145
385	-1140
385	-1135
385	-1130
385	-1125
385	-1120
385	-1115
385	-1110
385	-1105
385	-1100
385	-1095
385	-1090
385	-1085
385	-1080
385	-1075
385	-1070
385	-1065
385	-1060
385	-1055
385	-1050
385	-1045
385	-1040
380	-1175
380	-1170
380	-1165
380	-1160
380	-1155
380	-1150
380	-1145
380	-1140
380	-1135
380	-1130
380	-1125
380	-1120
380	-1115
380	-1110
380	-1105
380	-1100
380	-1095
380	-1090
380	-1085
380	-1080
380	-1075
380	-1070
380	-1065
380	-1060
380	-1055
380	-1050
380	-1045
380	-1040
375	-1175
375	-1170
375	-1165
375	-1160
375	-1155
375	-1150
375	-1145
375	-1140
375	-1135
375	-1130
375	-1125
375	-1120
375	-1115
375	-1110
375	-1105
375	-1100
375	-1095
375	-1090
375	-1085
375	-1080
375	-1075
375	-1070
375	-1065
375	-1060
375	-1055
375	-1050
375	-1045
375	-1040
370	-1175
370	-1170
370	-1165
370	-1160
370	-1155
370	-1150
370	-1145
370	-1140
370	-1135
370	-1130
370	-1125
370	-1120
370	-1115
370	-1110
370	-1105
370	-1100
370	-1095
370	-1090
370	-1085
370	-1080
370	-1075
370	-1070
370	-1065
370	-1060
370	-1055
370	-1050
370	-1045
370	-1040
365	-1175
365	-1170
365	-1165
365	-1160
365	-1155
365	-1150
365	-1145
365	-1140
365	-1135
365	-1130
365	-1125
365	-1120
365	-1115
365	-1110
365	-1105
365	-1100
365	-1095
365	-1090
365	-1085
365	-1080
365	-1075
365	-1070
365	-1065
365	-1060
365	-1055
365	-1050
365	-1045
365	-1040
360	-1175
360	-1170
360	-1165
360	-1160
360	-1155
360	-1150
360	-1145
360	-1140
360	-1135
360	-1130
360	-1125
360	-1120
360	-1115
360	-1110
360	-1105
360	-1100
360	-1095
360	-1090
360	-1085
360	-1080
360	-1075
360	-1070
360	-1065
360	-1060
360	-1055
360	-1050
360	-1045
360	-1040
355	-1175
355	-1170
355	-1165
355	-1160
355	-1155
355	-1150
355	-1145
355	-1140
355	-1135
355	-1130
355	-1125
355	-1120
355	-1115
355	-1110
355	-1105
355	-1100
355	-1095
355	-1090
355	-1085
355	-1080
355	-1075
355	-1070
355	-1065
355	-1060
355	-1055
355	-1050
355	-1045
355	-1040
350	-1175
350	-1170
350	-1165
350	-1160
350	-1155
350	-1150
350	-1145
350	-1140
350	-1135
350	-1130
350	-1125
350	-1120
350	-1115
350	-1110
350	-1105
350	-1100
350	-1095
350	-1090
350	-1085
350	-1080
350	-1075
350	-1070
350	-1065
350	-1060
350	-1055
350	-1050
350	-1045
350	-1040
345	-1175
345	-1170
345	-1165
345	-1160
345	-1155
345	-1150
345	-1145
345	-1140
345	-1135
345	-1130
345	-1125
345	-1120
345	-1115
345	-1110
345	-1105
345	-1100
345	-1095
345	-1090
345	-1085
345	-1080
345	-1075
345	-1070
345	-1065
345	-1060
345	-1055
345	-1050
345	-1045
345	-1040
340	-1175
340	-1170
340	-1165
340	-1160
340	-1155
340	-1150
340	-1145
340	-1140
340	-1135
340	-1130
340	-1125
340	-1120
340	-1115
340	-1110
340	-1105
340	-1100
340	-1095
340	-1090
340	-1085
340	-1080
340	-1075
340	-1070
340	-1065
340	-1060
340	-1055
340	-1050
340	-1045
340	-1040
335	-1175
335	-1170
335	-1165
335	-1160
335	-1155
335	-1150
335	-1145
335	-1140
335	-1135
335	-1130
335	-1125
335	-1120
335	-1115
335	-1110
335	-1105
335	-1100
335	-1095
335	-1090
335	-1085
335	-1080
335	-1075
335	-1070
335	-1065
335	-1060
335	-1055
335	-1050
335	-1045
335	-1040
330	-1175
330	-1170
330	-1165
330	-1160
330	-1155
330	-1150
330	-1145
330	-1140
330	-1135
330	-1130
330	-1125
330	-1120
330	-1115
330	-1110
330	-1105
330	-1100
330	-1095
330	-1090
330	-1085
330	-1080
330	-1075
330	-1070
330	-1065
330	-1060
330	-1055
330	-1050
330	-1045
330	-1040
325	-1175
325	-1170
325	-1165
325	-1160
325	-1155
325	-1150
325	-1145
325	-1140
325	-1135
325	-1130
325	-1125
325	-1120
325	-1115
325	-1110
325	-1105
325	-1100
325	-1095
325	-1090
325	-1085
325	-1080
325	-1075
325	-1070
325	-1065
325	-1060
325	-1055
325	-1050
325	-1045
325	-1040
320	-1175
320	-1170
320	-1165
320	-1160
320	-1155
320	-1150
320	-1145
320	-1140
320	-1135
320	-1130
320	-1125
320	-1120
320	-1115
320	-1110
320	-1105
320	-1100
320	-1095
320	-1090
320	-1085
320	-1080
320	-1075
320	-1070
320	-1065
320	-1060
320	-1055
320	-1050
320	-1045
320	-1040