42.5	-117.5
42.5	-117
42.5	-116.5
42.5	-116
42.5	-115.5
42.5	-115
42.5	-114.5
42.5	-114
42.5	-113.5
42.5	-113
42.5	-112.5
42.5	-112
42.5	-111.5
42.5	-111
42.5	-110.5
42.5	-110
42.5	-109.5
42.5	-109
42.5	-108.5
42.5	-108
42.5	-107.5
42.5	-107
42.5	-106.5
42.5	-106
42.5	-105.5
42.5	-105
42.5	-104.5
42.5	-104
42	-117.5
42	-117
42	-116.5
42	-116
42	-115.5
42	-115
42	-114.5
42	-114
42	-113.5
42	-113
42	-112.5
42	-112
42	-111.5
42	-111
42	-110.5
42	-110
42	-109.5
42	-109
42	-108.5
42	-108
42	-107.5
42	-107
42	-106.5
42	-106
42	-105.5
42	-105
42	-104.5
42	-104
41.5	-117.5
41.5	-117
41.5	-116.5
41.5	-116
41.5	-115.5
41.5	-115
41.5	-114.5
41.5	-114
41.5	-113.5
41.5	-113
41.5	-112.5
41.5	-112
41.5	-111.5
41.5	-111
41.5	-110.5
41.5	-110
41.5	-109.5
41.5	-109
41.5	-108.5
41.5	-108
41.5	-107.5
41.5	-107
41.5	-106.5
41.5	-106
41.5	-105.5
41.5	-105
41.5	-104.5
41.5	-104
41	-117.5
41	-117
41	-116.5
41	-116
41	-115.5
41	-115
41	-114.5
41	-114
41	-113.5
41	-113
41	-112.5
41	-112
41	-111.5
41	-111
41	-110.5
41	-110
41	-109.5
41	-109
41	-108.5
41	-108
41	-107.5
41	-107
41	-106.5
41	-106
41	-105.5
41	-105
41	-104.5
41	-104
40.5	-117.5
40.5	-117
40.5	-116.5
40.5	-116
40.5	-115.5
40.5	-115
40.5	-114.5
40.5	-114
40.5	-113.5
40.5	-113
40.5	-112.5
40.5	-112
40.5	-111.5
40.5	-111
40.5	-110.5
40.5	-110
40.5	-109.5
40.5	-109
40.5	-108.5
40.5	-108
40.5	-107.5
40.5	-107
40.5	-106.5
40.5	-106
40.5	-105.5
40.5	-105
40.5	-104.5
40.5	-104
40	-117.5
40	-117
40	-116.5
40	-116
40	-115.5
40	-115
40	-114.5
40	-114
40	-113.5
40	-113
40	-112.5
40	-112
40	-111.5
40	-111
40	-110.5
40	-110
40	-109.5
40	-109
40	-108.5
40	-108
40	-107.5
40	-107
40	-106.5
40	-106
40	-105.5
40	-105
40	-104.5
40	-104
39.5	-117.5
39.5	-117
39.5	-116.5
39.5	-116
39.5	-115.5
39.5	-115
39.5	-114.5
39.5	-114
39.5	-113.5
39.5	-113
39.5	-112.5
39.5	-112
39.5	-111.5
39.5	-111
39.5	-110.5
39.5	-110
39.5	-109.5
39.5	-109
39.5	-108.5
39.5	-108
39.5	-107.5
39.5	-107
39.5	-106.5
39.5	-106
39.5	-105.5
39.5	-105
39.5	-104.5
39.5	-104
39	-117.5
39	-117
39	-116.5
39	-116
39	-115.5
39	-115
39	-114.5
39	-114
39	-113.5
39	-113
39	-112.5
39	-112
39	-111.5
39	-111
39	-110.5
39	-110
39	-109.5
39	-109
39	-108.5
39	-108
39	-107.5
39	-107
39	-106.5
39	-106
39	-105.5
39	-105
39	-104.5
39	-104
38.5	-117.5
38.5	-117
38.5	-116.5
38.5	-116
38.5	-115.5
38.5	-115
38.5	-114.5
38.5	-114
38.5	-113.5
38.5	-113
38.5	-112.5
38.5	-112
38.5	-111.5
38.5	-111
38.5	-110.5
38.5	-110
38.5	-109.5
38.5	-109
38.5	-108.5
38.5	-108
38.5	-107.5
38.5	-107
38.5	-106.5
38.5	-106
38.5	-105.5
38.5	-105
38.5	-104.5
38.5	-104
38	-117.5
38	-117
38	-116.5
38	-116
38	-115.5
38	-115
38	-114.5
38	-114
38	-113.5
38	-113
38	-112.5
38	-112
38	-111.5
38	-111
38	-110.5
38	-110
38	-109.5
38	-109
38	-108.5
38	-108
38	-107.5
38	-107
38	-106.5
38	-106
38	-105.5
38	-105
38	-104.5
38	-104
37.5	-117.5
37.5	-117
37.5	-116.5
37.5	-116
37.5	-115.5
37.5	-115
37.5	-114.5
37.5	-114
37.5	-113.5
37.5	-113
37.5	-112.5
37.5	-112
37.5	-111.5
37.5	-111
37.5	-110.5
37.5	-110
37.5	-109.5
37.5	-109
37.5	-108.5
37.5	-108
37.5	-107.5
37.5	-107
37.5	-106.5
37.5	-106
37.5	-105.5
37.5	-105
37.5	-104.5
37.5	-104
37	-117.5
37	-117
37	-116.5
37	-116
37	-115.5
37	-115
37	-114.5
37	-114
37	-113.5
37	-113
37	-112.5
37	-112
37	-111.5
37	-111
37	-110.5
37	-110
37	-109.5
37	-109
37	-108.5
37	-108
37	-107.5
37	-107
37	-106.5
37	-106
37	-105.5
37	-105
37	-104.5
37	-104
36.5	-117.5
36.5	-117
36.5	-116.5
36.5	-116
36.5	-115.5
36.5	-115
36.5	-114.5
36.5	-114
36.5	-113.5
36.5	-113
36.5	-112.5
36.5	-112
36.5	-111.5
36.5	-111
36.5	-110.5
36.5	-110
36.5	-109.5
36.5	-109
36.5	-108.5
36.5	-108
36.5	-107.5
36.5	-107
36.5	-106.5
36.5	-106
36.5	-105.5
36.5	-105
36.5	-104.5
36.5	-104
36	-117.5
36	-117
36	-116.5
36	-116
36	-115.5
36	-115
36	-114.5
36	-114
36	-113.5
36	-113
36	-112.5
36	-112
36	-111.5
36	-111
36	-110.5
36	-110
36	-109.5
36	-109
36	-108.5
36	-108
36	-107.5
36	-107
36	-106.5
36	-106
36	-105.5
36	-105
36	-104.5
36	-104
35.5	-117.5
35.5	-117
35.5	-116.5
35.5	-116
35.5	-115.5
35.5	-115
35.5	-114.5
35.5	-114
35.5	-113.5
35.5	-113
35.5	-112.5
35.5	-112
35.5	-111.5
35.5	-111
35.5	-110.5
35.5	-110
35.5	-109.5
35.5	-109
35.5	-108.5
35.5	-108
35.5	-107.5
35.5	-107
35.5	-106.5
35.5	-106
35.5	-105.5
35.5	-105
35.5	-104.5
35.5	-104
35	-117.5
35	-117
35	-116.5
35	-116
35	-115.5
35	-115
35	-114.5
35	-114
35	-113.5
35	-113
35	-112.5
35	-112
35	-111.5
35	-111
35	-110.5
35	-110
35	-109.5
35	-109
35	-108.5
35	-108
35	-107.5
35	-107
35	-106.5
35	-106
35	-105.5
35	-105
35	-104.5
35	-104
34.5	-117.5
34.5	-117
34.5	-116.5
34.5	-116
34.5	-115.5
34.5	-115
34.5	-114.5
34.5	-114
34.5	-113.5
34.5	-113
34.5	-112.5
34.5	-112
34.5	-111.5
34.5	-111
34.5	-110.5
34.5	-110
34.5	-109.5
34.5	-109
34.5	-108.5
34.5	-108
34.5	-107.5
34.5	-107
34.5	-106.5
34.5	-106
34.5	-105.5
34.5	-105
34.5	-104.5
34.5	-104
34	-117.5
34	-117
34	-116.5
34	-116
34	-115.5
34	-115
34	-114.5
34	-114
34	-113.5
34	-113
34	-112.5
34	-112
34	-111.5
34	-111
34	-110.5
34	-110
34	-109.5
34	-109
34	-108.5
34	-108
34	-107.5
34	-107
34	-106.5
34	-106
34	-105.5
34	-105
34	-104.5
34	-104
33.5	-117.5
33.5	-117
33.5	-116.5
33.5	-116
33.5	-115.5
33.5	-115
33.5	-114.5
33.5	-114
33.5	-113.5
33.5	-113
33.5	-112.5
33.5	-112
33.5	-111.5
33.5	-111
33.5	-110.5
33.5	-110
33.5	-109.5
33.5	-109
33.5	-108.5
33.5	-108
33.5	-107.5
33.5	-107
33.5	-106.5
33.5	-106
33.5	-105.5
33.5	-105
33.5	-104.5
33.5	-104
33	-117.5
33	-117
33	-116.5
33	-116
33	-115.5
33	-115
33	-114.5
33	-114
33	-113.5
33	-113
33	-112.5
33	-112
33	-111.5
33	-111
33	-110.5
33	-110
33	-109.5
33	-109
33	-108.5
33	-108
33	-107.5
33	-107
33	-106.5
33	-106
33	-105.5
33	-105
33	-104.5
33	-104
32.5	-117.5
32.5	-117
32.5	-116.5
32.5	-116
32.5	-115.5
32.5	-115
32.5	-114.5
32.5	-114
32.5	-113.5
32.5	-113
32.5	-112.5
32.5	-112
32.5	-111.5
32.5	-111
32.5	-110.5
32.5	-110
32.5	-109.5
32.5	-109
32.5	-108.5
32.5	-108
32.5	-107.5
32.5	-107
32.5	-106.5
32.5	-106
32.5	-105.5
32.5	-105
32.5	-104.5
32.5	-104
32	-117.5
32	-117
32	-116.5
32	-116
32	-115.5
32	-115
32	-114.5
32	-114
32	-113.5
32	-113
32	-112.5
32	-112
32	-111.5
32	-111
32	-110.5
32	-110
32	-109.5
32	-109
32	-108.5
32	-108
32	-107.5
32	-107
32	-106.5
32	-106
32	-105.5
32	-105
32	-104.5
32	-104
